8
START 0 0 0 0 0 0 
방콕 1  2 1 3 5 5
CARD 3 0 0 0 0 0
베이징 1 2.6 1 3 5 5
독도 2 4 0 0 0 0
타이페이 1 4.8 2 6 10 10
두바이 1 4.8 2 6 10 10
카이로 1 5.4 2 6 10 10 
무인도 4 0 0 0 0 0
발리 2 9 0 0 0 0
도쿄 1 7.2 3 9 15 15
시드니 1 7.2 3 9 15 15
CARD 3 0 0 0 0 0
퀘백 1 9.4 4 12 20 20
하와이 2 12 0 0 0 0
상파울로 1 10 4 12 20 20
올림픽 5 0 0 0 0 0
프라하 1 11.8 5 15 25 25
푸켓 2 14 0 0 0 0
베를린 1 12.4 5 15 25 25
CARD 3 0 0 0 0 0
모스크바 1 14 6.4 18 30 30
제네바 1 14.6 6.4 18 30 30
로마 1 14.6 6.4 18 30 30
세계여행 6 0 0 0 0 0
타히티 2 18 0 0 0 0
런던 1 16.4 7 21 35 35
파리 1 17 7 21 35 35
CARD 3 0 0 0 0 0
뉴욕 1 19.2 8 24 40 40
국세청 7 0 0 0 0 0
서울 1 20 8 24 40 40