8
START 0 0 0 0 0 0 0 0 0 0 0
방콕 1  20 10 30 50 50 2 6 20 56 334
CARD 3 0 0 0 0 0 0 0 0 0 0
베이징 1 26 10 30 50 50 2 8 22 60 340
@독도@ 2 100 0 0 0 0 80 160 320 0 0
타이페이 1 48 20 60 100 100 6 18 46 120 640
두바이 1 48 20 60 100 100 6 18 46 120 640
카이로 1 54 20 60 100 100  8 20 48 124 650
무인도 4 0 0 0 0 0 0 0 0 0 0
@발리@ 2 100 0 0 0 0 80 160 320 0 0
도쿄 1 72 30 90 150 150 14 32 84 220 950
시드니 1 72 30 90 150 150 14 32 84 220 950
CARD 3 0 0 0 0 0 0 0 0 0 0
퀘백 1 94 40 120 200 200 20 46 114 270 1150
@하와이@ 2 100 0 0 0 0 80 160 320 0 0
상파울로 1 100 40 120 200 200 24 48 118 280 1170
올림픽 5 0 0 0 0 0 0 0 0 0 0
프라하 1 118 50 150 250 250 32 70 168 380 1400
@푸켓@ 2 100 0 0 0 0 80 160 320 0 0
베를린 1 124 50 150 250 250 34 74 172 390 1420
CARD 3 0 0 0 0 0 0 0 0 0 0
모스크바 1 140 64 180 300 300 44 86 200 460 1540
제네바 1 146 64 180 300 300 48 92 220 470 1580
로마 1 146 64 180 300 300 48 92 220 470 1580
세계여행 6 0 0 0 0 0 0 0 0 0 0
@타히티@ 2 100 0 0 0 0 80 160 320 0 0
런던 1 164 70 210 350 350 56 124 280 600 1760
파리 1 170 70 210 350 350 60 130 290 620 1800
CARD 3 0 0 0 0 0 0 0 0 0 0
뉴욕 1 192 80 240 400 400 72 148 320 680 1820
국세청 7 0 0 0 0 0 0 0 0 0 0
서울 1 200 80 240 400 400 80 160 340 700 1880